15
12.3030000 7.5080000
12.3450000 7.5100000
12.3440000 7.4430000
12.2980000 7.4430000
12.2150000 7.4560000
12.1670000 7.3610000
12.2510000 7.2960000
12.2970000 7.3360000
12.3420000 7.3460000
12.3370000 7.2570000
12.3050000 7.2600000
12.2570000 7.4070000
12.2220000 7.4020000
12.2330000 7.3580000
12.2680000 7.3700000
5
4    0 1 2 3 
6    3 11 14 7 8 2 
7    7 14 13 6 10 9 8 
4    5 6 13 12 
5    4 5 12 11 3 


0.200000 0.100000 0.900000
0.600000 0.800000 0.200000
0.500000 0.600000 1.000000
0.500000 0.600000 1.000000
0.500000 0.200000 0.000000
