21
259.000000 97.000000
345.000000 100.000000
269.000000 286.000000
296.000000 316.000000
321.000000 282.000000
418.000000 421.000000
438.000000 427.000000
433.000000 403.000000
554.000000 424.000000
566.000000 419.000000
550.000000 411.000000
431.000000 511.000000
418.000000 529.000000
409.000000 509.000000
232.000000 420.000000
206.000000 405.000000
202.000000 440.000000
263.000000 534.000000
116.000000 447.000000
101.000000 435.000000
112.000000 416.000000
9
5    0 1 4 3 2 
5    4 7 6 5 3 
5    7 10 9 8 6 
4    6 11 13 5 
3    11 12 13 
5    3 14 16 15 2 
3    14 17 16 
4    16 18 20 15 
3    18 19 20 


0.800000 0.200000 0.100000
0.500000 0.200000 0.000000
0.800000 0.200000 0.100000
0.800000 0.200000 0.100000
0.600000 0.800000 0.200000
0.800000 0.800000 0.300000
0.800000 0.200000 0.100000
0.500000 0.200000 0.000000
0.800000 0.800000 0.300000
